XCOM:
Constituents (Atomic Number : Fraction by Weight)

 Z=13	: 0.227263
 Z=39	: 0.449308
 Z=8	: 0.323428

       PHOTON      SCATTERING      PHOTO-    PAIR PRODUCTION  TOTAL ATTENUATION
       ENERGY   COHERENT INCOHER. ELECTRIC    IN       IN       WITH   WITHOUT
                                 ABSORPTION NUCLEAR ELECTRON  COHERENT COHERENT
                                             FIELD    FIELD    SCATT.   SCATT.
        (MeV)    (cm2/g)  (cm2/g)  (cm2/g)  (cm2/g)  (cm2/g)  (cm2/g)  (cm2/g)

       1.000E-03 3.86E+00 9.77E-03 3.49E+03 0.00E+00 0.00E+00 3.49E+03 3.49E+03
       1.500E-03 3.59E+00 1.75E-02 1.26E+03 0.00E+00 0.00E+00 1.26E+03 1.26E+03
       1.560E-03 3.56E+00 1.84E-02 1.14E+03 0.00E+00 0.00E+00 1.14E+03 1.14E+03

 13 K  1.560E-03 3.56E+00 1.84E-02 1.96E+03 0.00E+00 0.00E+00 1.96E+03 1.96E+03
       2.000E-03 3.32E+00 2.51E-02 1.07E+03 0.00E+00 0.00E+00 1.07E+03 1.07E+03
       2.080E-03 3.28E+00 2.63E-02 9.68E+02 0.00E+00 0.00E+00 9.72E+02 9.68E+02

 39 L3 2.080E-03 3.28E+00 2.63E-02 1.85E+03 0.00E+00 0.00E+00 1.85E+03 1.85E+03
       2.117E-03 3.26E+00 2.68E-02 1.75E+03 0.00E+00 0.00E+00 1.75E+03 1.75E+03
       2.155E-03 3.24E+00 2.74E-02 1.66E+03 0.00E+00 0.00E+00 1.66E+03 1.66E+03

 39 L2 2.155E-03 3.24E+00 2.74E-02 2.07E+03 0.00E+00 0.00E+00 2.08E+03 2.07E+03
       2.261E-03 3.18E+00 2.90E-02 1.84E+03 0.00E+00 0.00E+00 1.85E+03 1.84E+03
       2.373E-03 3.13E+00 3.06E-02 1.64E+03 0.00E+00 0.00E+00 1.64E+03 1.64E+03

 39 L1 2.373E-03 3.13E+00 3.06E-02 1.80E+03 0.00E+00 0.00E+00 1.80E+03 1.80E+03
       3.000E-03 2.84E+00 3.94E-02 9.90E+02 0.00E+00 0.00E+00 9.93E+02 9.90E+02
       4.000E-03 2.43E+00 5.19E-02 4.66E+02 0.00E+00 0.00E+00 4.69E+02 4.66E+02
       5.000E-03 2.10E+00 6.27E-02 2.56E+02 0.00E+00 0.00E+00 2.58E+02 2.56E+02
       6.000E-03 1.84E+00 7.19E-02 1.56E+02 0.00E+00 0.00E+00 1.58E+02 1.56E+02
       8.000E-03 1.44E+00 8.62E-02 7.02E+01 0.00E+00 0.00E+00 7.17E+01 7.03E+01
       1.000E-02 1.15E+00 9.67E-02 3.75E+01 0.00E+00 0.00E+00 3.88E+01 3.76E+01
       1.500E-02 7.07E-01 1.14E-01 1.18E+01 0.00E+00 0.00E+00 1.26E+01 1.19E+01
       1.704E-02 5.97E-01 1.19E-01 8.19E+00 0.00E+00 0.00E+00 8.91E+00 8.31E+00

 39 K  1.704E-02 5.97E-01 1.19E-01 4.72E+01 0.00E+00 0.00E+00 4.79E+01 4.73E+01
       2.000E-02 4.78E-01 1.25E-01 3.13E+01 0.00E+00 0.00E+00 3.19E+01 3.14E+01
       3.000E-02 2.68E-01 1.35E-01 1.04E+01 0.00E+00 0.00E+00 1.09E+01 1.06E+01
       4.000E-02 1.72E-01 1.39E-01 4.68E+00 0.00E+00 0.00E+00 5.00E+00 4.82E+00
       5.000E-02 1.20E-01 1.40E-01 2.48E+00 0.00E+00 0.00E+00 2.74E+00 2.62E+00
       6.000E-02 8.77E-02 1.40E-01 1.47E+00 0.00E+00 0.00E+00 1.69E+00 1.61E+00
       8.000E-02 5.32E-02 1.36E-01 6.33E-01 0.00E+00 0.00E+00 8.22E-01 7.69E-01
       1.000E-01 3.59E-02 1.32E-01 3.27E-01 0.00E+00 0.00E+00 4.95E-01 4.60E-01
       1.500E-01 1.72E-02 1.21E-01 9.82E-02 0.00E+00 0.00E+00 2.37E-01 2.20E-01
       2.000E-01 1.00E-02 1.12E-01 4.19E-02 0.00E+00 0.00E+00 1.64E-01 1.54E-01
       3.000E-01 4.61E-03 9.86E-02 1.30E-02 0.00E+00 0.00E+00 1.16E-01 1.12E-01
       4.000E-01 2.64E-03 8.87E-02 5.84E-03 0.00E+00 0.00E+00 9.72E-02 9.46E-02
       5.000E-01 1.70E-03 8.12E-02 3.25E-03 0.00E+00 0.00E+00 8.61E-02 8.44E-02
       6.000E-01 1.19E-03 7.52E-02 2.06E-03 0.00E+00 0.00E+00 7.84E-02 7.73E-02
       8.000E-01 6.73E-04 6.62E-02 1.06E-03 0.00E+00 0.00E+00 6.79E-02 6.72E-02
       1.000E+00 4.32E-04 5.95E-02 6.59E-04 0.00E+00 0.00E+00 6.06E-02 6.02E-02
       1.022E+00 4.14E-04 5.89E-02 6.27E-04 0.00E+00 0.00E+00 5.99E-02 5.95E-02
       1.250E+00 2.77E-04 5.32E-02 4.23E-04 6.70E-05 0.00E+00 5.40E-02 5.37E-02
       1.500E+00 1.93E-04 4.84E-02 3.04E-04 3.32E-04 0.00E+00 4.92E-02 4.90E-02
       2.000E+00 1.08E-04 4.13E-02 1.86E-04 1.22E-03 0.00E+00 4.28E-02 4.27E-02
       2.044E+00 1.04E-04 4.08E-02 1.80E-04 1.31E-03 0.00E+00 4.24E-02 4.23E-02
       3.000E+00 4.83E-05 3.25E-02 9.98E-05 3.30E-03 1.14E-05 3.60E-02 3.59E-02
       4.000E+00 2.72E-05 2.71E-02 6.66E-05 5.23E-03 4.64E-05 3.25E-02 3.25E-02
       5.000E+00 1.74E-05 2.34E-02 4.95E-05 6.92E-03 9.25E-05 3.05E-02 3.05E-02
       6.000E+00 1.21E-05 2.07E-02 3.93E-05 8.40E-03 1.42E-04 2.93E-02 2.93E-02
       7.000E+00 8.87E-06 1.86E-02 3.24E-05 9.72E-03 1.91E-04 2.86E-02 2.86E-02
       8.000E+00 6.79E-06 1.69E-02 2.76E-05 1.09E-02 2.39E-04 2.81E-02 2.81E-02
       9.000E+00 5.36E-06 1.56E-02 2.40E-05 1.20E-02 2.85E-04 2.79E-02 2.79E-02
       1.000E+01 4.34E-06 1.44E-02 2.12E-05 1.30E-02 3.29E-04 2.78E-02 2.78E-02
       1.100E+01 3.59E-06 1.35E-02 1.90E-05 1.39E-02 3.70E-04 2.77E-02 2.77E-02
       1.200E+01 3.02E-06 1.26E-02 1.72E-05 1.47E-02 4.10E-04 2.78E-02 2.78E-02
       1.300E+01 2.57E-06 1.19E-02 1.57E-05 1.55E-02 4.47E-04 2.78E-02 2.78E-02
       1.400E+01 2.22E-06 1.12E-02 1.45E-05 1.62E-02 4.82E-04 2.79E-02 2.79E-02
       1.500E+01 1.93E-06 1.07E-02 1.34E-05 1.68E-02 5.15E-04 2.81E-02 2.81E-02
       1.600E+01 1.70E-06 1.02E-02 1.25E-05 1.75E-02 5.47E-04 2.82E-02 2.82E-02
       1.800E+01 1.34E-06 9.29E-03 1.09E-05 1.86E-02 6.06E-04 2.85E-02 2.85E-02
       2.000E+01 1.09E-06 8.57E-03 9.76E-06 1.96E-02 6.60E-04 2.88E-02 2.88E-02
       2.200E+01 8.98E-07 7.96E-03 8.80E-06 2.05E-02 7.09E-04 2.92E-02 2.92E-02
       2.400E+01 7.54E-07 7.44E-03 8.01E-06 2.14E-02 7.55E-04 2.96E-02 2.96E-02
       2.600E+01 6.43E-07 6.98E-03 7.36E-06 2.21E-02 7.97E-04 2.99E-02 2.99E-02
       2.800E+01 5.54E-07 6.59E-03 6.80E-06 2.28E-02 8.37E-04 3.03E-02 3.03E-02
       3.000E+01 4.83E-07 6.24E-03 6.32E-06 2.35E-02 8.74E-04 3.06E-02 3.06E-02
       4.000E+01 2.72E-07 4.96E-03 4.67E-06 2.61E-02 1.03E-03 3.21E-02 3.21E-02
       5.000E+01 1.74E-07 4.14E-03 3.70E-06 2.81E-02 1.15E-03 3.33E-02 3.33E-02
       6.000E+01 1.21E-07 3.57E-03 3.07E-06 2.96E-02 1.24E-03 3.44E-02 3.44E-02
       8.000E+01 6.79E-08 2.81E-03 2.28E-06 3.19E-02 1.39E-03 3.61E-02 3.61E-02
       1.000E+02 4.34E-08 2.33E-03 1.82E-06 3.35E-02 1.49E-03 3.73E-02 3.73E-02
       1.500E+02 1.93E-08 1.66E-03 1.21E-06 3.61E-02 1.68E-03 3.95E-02 3.95E-02
       2.000E+02 1.09E-08 1.30E-03 9.01E-07 3.77E-02 1.79E-03 4.08E-02 4.08E-02
       3.000E+02 4.83E-09 9.24E-04 5.99E-07 3.95E-02 1.94E-03 4.24E-02 4.24E-02
       4.000E+02 2.72E-09 7.23E-04 4.49E-07 4.06E-02 2.03E-03 4.34E-02 4.34E-02
       5.000E+02 1.74E-09 5.99E-04 3.58E-07 4.13E-02 2.09E-03 4.40E-02 4.40E-02
       6.000E+02 1.21E-09 5.13E-04 2.99E-07 4.18E-02 2.14E-03 4.45E-02 4.45E-02
       8.000E+02 6.79E-10 4.00E-04 2.24E-07 4.25E-02 2.20E-03 4.51E-02 4.51E-02
       1.000E+03 4.34E-10 3.29E-04 1.79E-07 4.29E-02 2.25E-03 4.55E-02 4.55E-02
       1.500E+03 1.93E-10 2.30E-04 1.19E-07 4.36E-02 2.31E-03 4.61E-02 4.61E-02
       2.000E+03 1.09E-10 1.78E-04 8.94E-08 4.39E-02 2.35E-03 4.64E-02 4.64E-02
       3.000E+03 4.83E-11 1.24E-04 5.96E-08 4.43E-02 2.39E-03 4.68E-02 4.68E-02
       4.000E+03 2.72E-11 9.56E-05 4.47E-08 4.45E-02 2.41E-03 4.70E-02 4.70E-02
       5.000E+03 1.74E-11 7.82E-05 3.57E-08 4.46E-02 2.43E-03 4.71E-02 4.71E-02
       6.000E+03 1.21E-11 6.63E-05 2.98E-08 4.47E-02 2.44E-03 4.72E-02 4.72E-02
       8.000E+03 6.79E-12 5.10E-05 2.23E-08 4.48E-02 2.45E-03 4.73E-02 4.73E-02
       1.000E+04 4.34E-12 4.17E-05 1.79E-08 4.49E-02 2.46E-03 4.74E-02 4.74E-02
       1.500E+04 1.93E-12 2.88E-05 1.19E-08 4.50E-02 2.47E-03 4.75E-02 4.75E-02
       2.000E+04 1.09E-12 2.21E-05 8.93E-09 4.51E-02 2.48E-03 4.76E-02 4.76E-02
       3.000E+04 4.83E-13 1.53E-05 5.95E-09 4.51E-02 2.49E-03 4.76E-02 4.76E-02
       4.000E+04 2.72E-13 1.17E-05 4.46E-09 4.51E-02 2.49E-03 4.76E-02 4.76E-02
       5.000E+04 1.74E-13 9.55E-06 3.57E-09 4.52E-02 2.50E-03 4.77E-02 4.77E-02
       6.000E+04 1.21E-13 8.07E-06 2.98E-09 4.52E-02 2.50E-03 4.77E-02 4.77E-02
       8.000E+04 6.79E-14 6.19E-06 2.23E-09 4.52E-02 2.50E-03 4.77E-02 4.77E-02
       1.000E+05 4.34E-14 5.03E-06 1.79E-09 4.52E-02 2.50E-03 4.77E-02 4.77E-02

Return to selection page. 